# x, y
3 2
2.99518 2.09802
2.98079 2.19509
2.95694 2.29028
2.98995 2.42426
3.03969 2.48488
3.07666 2.55403
3.09942 2.62907
3.10711 2.70711
3.09942 2.78514
3.07666 2.86018
3.03969 2.92933
2.98995 2.98995
2.92933 3.03969
2.86018 3.07666
2.78514 3.09942
2.70711 3.10711
2.62907 3.09942
2.55403 3.07666
2.48488 3.03969
2.42426 2.98995
2.29028 2.95694
2.19509 2.98079
2.09802 2.99518
2 3
1.90198 2.99518
1.80491 2.98079
1.70972 2.95694
1.61732 2.92388
1.5286 2.88192
1.44443 2.83147
1.36561 2.77301
1.29289 2.70711
1.22699 2.63439
1.16853 2.55557
1.11808 2.4714
1.07612 2.38268
1.04306 2.29028
1.01921 2.19509
1.00482 2.09802
1 2
1.00482 1.90198
1.01921 1.80491
1.04306 1.70972
1.07612 1.61732
1.11808 1.5286
1.16853 1.44443
1.22699 1.36561
1.29289 1.29289
1.36561 1.22699
1.44443 1.16853
1.5286 1.11808
1.61732 1.07612
1.70972 1.04306
1.80491 1.01921
1.90198 1.00482
2 1
2.09802 1.00482
2.19509 1.01921
2.29028 1.04306
2.42426 1.01005
2.48488 0.960305
2.55403 0.923341
2.62907 0.900579
2.70711 0.892893
2.78514 0.900579
2.86018 0.923341
2.92933 0.960305
2.98995 1.01005
3.03969 1.07067
3.07666 1.13982
3.09942 1.21486
3.10711 1.29289
3.09942 1.37093
3.07666 1.44597
3.03969 1.51512
2.98995 1.57574
2.95694 1.70972
2.98079 1.80491
2.99518 1.90198
6 2
5.99518 2.09802
5.98079 2.19509
5.95694 2.29028
5.92388 2.38268
5.88192 2.4714
5.83147 2.55557
5.77301 2.63439
5.70711 2.70711
5.63439 2.77301
5.55557 2.83147
5.4714 2.88192
5.38268 2.92388
5.29028 2.95694
5.19509 2.98079
5.09802 2.99518
5 3
4.90198 2.99518
4.80491 2.98079
4.70972 2.95694
4.61732 2.92388
4.5286 2.88192
4.44443 2.83147
4.36561 2.77301
4.29289 2.70711
4.22699 2.63439
4.16853 2.55557
4.11808 2.4714
4.07612 2.38268
4.04306 2.29028
4.01921 2.19509
4.00482 2.09802
4 2
4.00482 1.90198
4.01921 1.80491
4.04306 1.70972
4.07612 1.61732
4.11808 1.5286
4.16853 1.44443
4.22699 1.36561
4.29289 1.29289
4.36561 1.22699
4.44443 1.16853
4.5286 1.11808
4.61732 1.07612
4.70972 1.04306
4.80491 1.01921
4.90198 1.00482
5 1
5.09802 1.00482
5.19509 1.01921
5.29028 1.04306
5.38268 1.07612
5.4714 1.11808
5.55557 1.16853
5.63439 1.22699
5.70711 1.29289
5.77301 1.36561
5.83147 1.44443
5.88192 1.5286
5.92388 1.61732
5.95694 1.70972
5.98079 1.80491
5.99518 1.90198
