3.46121 1.9964
3.48952 2.12951
3.49363 2.25801
3.51072 2.38116
3.53547 2.4408
3.55764 2.52027
3.54035 2.60173
3.57342 2.66518
3.58456 2.71956
3.56877 2.78239
3.62153 2.84657
3.59218 2.90177
3.57414 2.94199
3.54694 3.00376
3.5249 3.04165
3.45979 3.05324
3.38138 3.02864
3.28317 3.04736
3.13896 3.03967
3.01268 3.03754
2.89596 3.06161
2.78077 3.03287
2.66489 3.0215
2.5608 2.99715
2.45493 2.97887
2.36054 2.95181
2.25643 2.93078
2.16034 2.92129
2.08261 2.89879
2.01955 2.8783
1.95515 2.85561
1.88169 2.81312
1.80723 2.7388
1.73967 2.64922
1.68516 2.56215
1.63673 2.47778
1.58916 2.39126
1.5485 2.299
1.52334 2.20133
1.51402 2.10125
1.51294 2.00076
1.51397 1.90023
1.52239 1.80004
1.54746 1.70227
1.59039 1.61045
1.63984 1.52436
1.68573 1.43927
1.73502 1.35017
1.79957 1.25866
1.87582 1.18803
1.95494 1.15672
2.02447 1.13881
2.08496 1.11209
2.14729 1.0834
2.22635 1.06653
2.30453 1.06554
2.37793 1.04807
2.48269 1.0181
2.59446 1.00494
2.68844 0.980385
2.78744 0.954079
2.90322 0.951379
3.03843 0.945604
3.18758 0.954046
3.30384 0.965267
3.39537 0.965786
3.46808 0.958715
3.51498 0.981335
3.553 1.03749
3.5894 1.08021
3.63181 1.12655
3.59695 1.1906
3.61867 1.25327
3.60096 1.30255
3.57379 1.35343
3.57739 1.41788
3.53193 1.50582
3.53939 1.59722
3.48556 1.72131
3.50033 1.86542
5.9918 2.00011
5.98677 2.0998
5.97148 2.19865
5.94597 2.29544
5.91054 2.3893
5.86554 2.47932
5.81206 2.56426
5.75087 2.64326
5.68236 2.71609
5.607 2.78204
5.52559 2.83955
5.43881 2.88824
5.34717 2.92832
5.25199 2.95939
5.15506 2.98121
5.05706 2.99332
4.95868 2.99595
4.86046 2.98924
4.76359 2.97298
4.66986 2.94701
4.57976 2.91196
4.49418 2.86859
4.41494 2.81694
4.342 2.7579
4.27502 2.69198
4.21352 2.61969
4.15887 2.54163
4.11164 2.45843
4.07303 2.37126
4.04313 2.2811
4.02128 2.18845
4.0081 2.09372
4.00385 1.99799
4.00787 1.90235
4.02061 1.80776
4.04219 1.71528
4.07169 1.62535
4.11004 1.5384
4.15712 1.45549
4.21178 1.37777
4.27308 1.30575
4.33996 1.24012
4.41301 1.18139
4.49244 1.12995
4.57821 1.08691
4.66837 1.05233
4.76234 1.02653
4.85942 1.01042
4.95768 1.00405
5.05619 1.00682
5.15425 1.0188
5.2513 1.0404
5.34653 1.07139
5.43814 1.11135
5.52489 1.15988
5.60633 1.21724
5.68173 1.28324
5.75015 1.35609
5.81136 1.43524
5.86489 1.52026
5.90986 1.61054
5.94555 1.70457
5.97121 1.80141
5.98664 1.90034
