# x, y
2.99287 2.00015
2.71219 2.08994
2.7035 2.33549
2.97029 2.55375
3.2318 2.58342
3.29091 2.40679
3.50959 2.57522
3.65652 2.75273
3.78013 2.93423
3.87488 3.08471
3.93302 3.21275
3.95596 3.29038
3.90889 3.31739
3.82191 3.24672
3.68009 3.15165
3.4969 3.03906
3.29766 2.92882
3.07698 2.88374
2.84254 2.88605
2.609 2.93199
2.41025 2.98154
2.23496 3.02466
2.11665 3.03126
2.02559 3.01424
1.96288 2.99219
1.9038 2.96092
1.8356 2.94522
1.75876 2.92791
1.65553 2.90711
1.53617 2.86601
1.40787 2.83223
1.28182 2.78723
1.15739 2.71655
1.07691 2.61884
1.03643 2.52513
1.0445 2.43608
1.08203 2.34093
1.15489 2.25141
1.24521 2.16441
1.33132 2.08229
1.37477 2.00093
1.33071 1.91975
1.24411 1.83809
1.15381 1.75141
1.08109 1.66152
1.04402 1.56668
1.03779 1.4779
1.0798 1.38483
1.16056 1.28728
1.28476 1.21639
1.40963 1.17131
1.53718 1.13772
1.65668 1.09702
1.76176 1.07711
1.84129 1.05934
1.90834 1.03863
1.96814 1.00738
2.03139 0.985037
2.11998 0.969719
2.23776 0.974532
2.41764 1.01141
2.62714 1.04922
2.87543 1.09448
3.12149 1.11155
3.34338 1.0872
3.52668 0.986637
3.6819 0.856994
3.79352 0.75836
3.84948 0.699078
3.88542 0.72489
3.89308 0.831021
3.8732 0.984015
3.82519 1.15306
3.74004 1.28862
3.64298 1.35149
3.55418 1.37803
3.44992 1.36104
2.97771 1.4644
2.68914 1.675
2.70895 1.92554
5.84213 1.98603
5.83754 2.07906
5.82277 2.17071
5.79882 2.26081
5.76568 2.34935
5.72365 2.43467
5.67259 2.51538
5.61306 2.59039
5.54522 2.66058
5.47086 2.72396
5.39094 2.78
5.30613 2.82833
5.21667 2.86923
5.12379 2.90201
5.02855 2.92574
4.93139 2.941
4.83315 2.94762
4.73461 2.94504
4.6358 2.93322
4.53817 2.91262
4.44273 2.88368
4.35035 2.84552
4.26165 2.79877
4.17672 2.74417
4.09935 2.68207
4.02535 2.61441
3.96532 2.53805
3.90485 2.45943
3.86436 2.37432
3.82363 2.28674
3.79736 2.19577
3.78236 2.10281
3.77183 2.00829
3.78171 1.91381
3.79406 1.82067
3.81961 1.72916
3.85807 1.64078
3.89768 1.55488
3.95747 1.47526
4.01645 1.3974
4.09013 1.32805
4.16673 1.26416
4.25161 1.20815
4.34049 1.1596
4.43271 1.1199
4.52842 1.08876
4.62604 1.06634
4.72491 1.05287
4.82405 1.04835
4.92262 1.05281
5.02016 1.06598
5.11563 1.08816
5.2086 1.1189
5.29836 1.15774
5.38374 1.20404
5.46403 1.25786
5.53859 1.31971
5.60654 1.38792
5.66667 1.46107
5.71866 1.54034
5.76168 1.62453
5.79561 1.7123
5.8206 1.80166
5.83638 1.89299
