3.5026 2.00054
3.51289 2.15204
3.54092 2.29472
3.57177 2.42076
3.62981 2.5425
3.68476 2.647
3.74953 2.73863
3.81999 2.8154
3.8881 2.88441
3.95501 2.93888
4.00451 2.98209
4.03277 3.01924
4.03693 3.05259
4.01484 3.08037
3.96915 3.10436
3.9006 3.12424
3.81713 3.13617
3.72248 3.14003
3.61304 3.13617
3.48802 3.13217
3.35823 3.1293
3.22667 3.12083
3.0918 3.11493
2.95764 3.10408
2.82688 3.09046
2.70366 3.08281
2.58197 3.06438
2.46831 3.03702
2.36827 3.00104
2.27477 2.96011
2.18864 2.91239
2.11329 2.85333
2.04568 2.7845
1.98579 2.70436
1.9325 2.6129
1.88936 2.51833
1.85928 2.42183
1.83514 2.32458
1.81448 2.23111
1.80372 2.134
1.80376 2.03317
1.80575 1.93487
1.80828 1.84305
1.82188 1.75834
1.84658 1.67413
1.88182 1.58622
1.92333 1.50095
1.96612 1.41589
2.01439 1.33755
2.07328 1.26339
2.13907 1.19056
2.21042 1.1237
2.29278 1.06807
2.38704 1.02204
2.49011 0.981768
2.60464 0.947797
2.72272 0.914569
2.84697 0.885974
2.97778 0.870626
3.11625 0.863383
3.25947 0.847832
3.39213 0.840313
3.5198 0.839521
3.63888 0.84517
3.74781 0.853263
3.84672 0.863893
3.92673 0.879851
3.98213 0.898023
4.01621 0.924447
4.02193 0.94993
4.00591 0.985595
3.96705 1.02745
3.91237 1.08412
3.85033 1.15307
3.7809 1.23136
3.6972 1.32507
3.63792 1.43607
3.56356 1.56229
3.52586 1.698
3.50348 1.84255
5.7111 1.98289
5.70752 2.07795
5.69473 2.17229
5.67271 2.26496
5.64154 2.35516
5.6016 2.44175
5.55338 2.52374
5.49747 2.6003
5.43451 2.67085
5.36526 2.73459
5.29053 2.79087
5.21115 2.83934
5.12773 2.87977
5.0408 2.91183
4.951 2.93501
4.85947 2.94897
4.76711 2.95355
4.6751 2.94891
4.5844 2.93507
4.49566 2.9121
4.4097 2.88033
4.32724 2.84015
4.24885 2.79163
4.17524 2.73542
4.10733 2.67192
4.04604 2.60179
3.99229 2.52586
3.94641 2.44492
3.90847 2.3596
3.87856 2.27079
3.85667 2.1796
3.84328 2.0868
3.83857 1.99305
3.84221 1.89925
3.85442 1.80623
3.87505 1.71457
3.90366 1.62519
3.94038 1.53924
3.98507 1.45756
4.03762 1.38078
4.09759 1.30985
4.1642 1.24552
4.23647 1.1884
4.3136 1.13907
4.39496 1.09798
4.48002 1.06529
4.56799 1.04142
4.65818 1.0267
4.74973 1.02129
4.84183 1.02523
4.9333 1.03857
5.02317 1.06101
5.11036 1.09235
5.19441 1.1321
5.27456 1.17985
5.35014 1.23525
5.42055 1.29821
5.48483 1.36802
5.54218 1.44404
5.59194 1.52545
5.63362 1.61156
5.66667 1.7014
5.69068 1.79379
5.70549 1.88792
