3.48917 1.99597
3.49308 2.1378
3.51336 2.27191
3.55997 2.39753
3.62199 2.50922
3.7011 2.61194
3.78861 2.70501
3.87767 2.79238
3.96184 2.87421
4.0316 2.95219
4.09303 3.02674
4.14204 3.09659
4.17078 3.16139
4.18546 3.2193
4.18313 3.26864
4.16437 3.30878
4.12901 3.34065
4.07747 3.36471
4.01106 3.3807
3.93195 3.39239
3.83939 3.39979
3.74091 3.40048
3.63765 3.39472
3.53058 3.38838
3.42066 3.37695
3.3087 3.36016
3.19529 3.3379
3.08011 3.31089
2.96434 3.27821
2.84861 3.23603
2.73395 3.18254
2.62672 3.11549
2.52783 3.03971
2.43943 2.95244
2.3599 2.85197
2.29049 2.74163
2.23424 2.62197
2.18951 2.50023
2.15397 2.3754
2.12718 2.24773
2.11249 2.12075
2.11201 1.9933
2.12471 1.86398
2.149 1.7304
2.18503 1.59529
2.23003 1.46511
2.28769 1.33663
2.3609 1.21199
2.44751 1.09535
2.54716 0.988968
2.65369 0.896678
2.76646 0.817978
2.88613 0.755582
3.00641 0.7032
3.12907 0.658767
3.25384 0.62584
3.37543 0.602589
3.49385 0.586783
3.60899 0.574392
3.72034 0.572375
3.82407 0.574487
3.92295 0.585162
4.00898 0.600618
4.0806 0.622698
4.13624 0.651895
4.17249 0.685857
4.18663 0.725399
4.17875 0.771334
4.15474 0.822267
4.11349 0.881451
4.05652 0.945276
3.98711 1.01358
3.9142 1.09055
3.83079 1.17225
3.74974 1.25925
3.67484 1.35805
3.60632 1.46751
3.55839 1.5892
3.51972 1.71547
3.49808 1.85484
5.50049 1.95178
5.49858 2.04517
5.48809 2.13781
5.46901 2.22881
5.44133 2.31725
5.40513 2.40231
5.36071 2.48326
5.30864 2.55941
5.24965 2.63005
5.18451 2.69441
5.11383 2.75197
5.03838 2.80185
4.95879 2.84357
4.87577 2.87689
4.79019 2.90143
4.70289 2.91713
4.61484 2.92366
4.52699 2.92114
4.43999 2.90948
4.3547 2.88899
4.27173 2.85979
4.19185 2.82222
4.11569 2.77648
4.04403 2.7231
3.9776 2.66253
3.91696 2.59538
3.86276 2.52233
3.81546 2.44416
3.77557 2.36169
3.74345 2.27562
3.71941 2.18677
3.70374 2.09592
3.69648 2.00378
3.69766 1.91132
3.70731 1.81954
3.72541 1.72921
3.75189 1.64119
3.78663 1.55624
3.82922 1.47505
3.87915 1.39859
3.93599 1.32763
3.99904 1.26284
4.0678 1.20503
4.14152 1.15465
4.21957 1.11214
4.30126 1.07792
4.38591 1.05233
4.47277 1.03555
4.56117 1.02783
4.65002 1.02915
4.73852 1.03966
4.82583 1.05923
4.91107 1.08777
4.99334 1.12504
5.07181 1.17077
5.14582 1.22461
5.21457 1.28572
5.2773 1.35331
5.33333 1.42699
5.38192 1.50592
5.42252 1.58932
5.4548 1.67644
5.47859 1.76647
5.49382 1.85855
