# x, y
2.9963 2.00123
2.83836 2.18254
2.85279 2.41837
3.02402 2.62237
3.18631 2.76854
3.50247 2.68609
3.89767 3.08537
4.1605 3.0841
4.3977 3.08131
4.57638 3.10055
4.67368 3.15281
4.68386 3.20828
4.61676 3.2636
4.46703 3.31369
4.2633 3.33313
4.02174 3.31884
3.77825 3.24843
3.53168 3.13886
3.28107 3.02953
3.05063 2.93182
2.83646 2.87848
2.62777 2.86602
2.42519 2.8945
2.22309 2.93712
2.03189 2.98148
1.84528 3.02006
1.66471 3.04634
1.50189 3.03919
1.35861 2.99323
1.23214 2.91218
1.13724 2.82066
1.07404 2.72388
1.05853 2.60859
1.10895 2.50671
1.2041 2.4367
1.31588 2.38772
1.42795 2.32811
1.52671 2.24625
1.61894 2.15971
1.69813 2.07544
1.73359 2.01128
1.70036 1.94402
1.62289 1.85549
1.52969 1.76169
1.43229 1.67383
1.32102 1.60823
1.20644 1.55735
1.10196 1.49195
1.04827 1.39925
1.06627 1.29606
1.13431 1.20363
1.23805 1.11674
1.37237 1.03956
1.53028 0.972903
1.70389 0.936817
1.88137 0.933248
2.05389 0.956754
2.23518 1.01604
2.40954 1.09272
2.59265 1.15768
2.7904 1.17271
3.00486 1.12749
3.25422 1.01954
3.5321 0.899918
3.79272 0.792783
4.02885 0.700775
4.24258 0.659599
4.42316 0.670776
4.55178 0.73642
4.61883 0.807803
4.61128 0.870535
4.52336 0.900624
4.37191 0.898523
4.14178 0.929804
3.86808 1.01779
3.58353 1.17372
3.29744 1.41038
2.93629 1.47655
2.83365 1.69076
2.84291 1.87523
5.31453 1.99307
5.31247 2.09112
5.30199 2.18842
5.28257 2.28433
5.25418 2.3777
5.21757 2.4671
5.17246 2.55198
5.11976 2.63182
5.05961 2.70569
4.99274 2.77245
4.91968 2.83178
4.84131 2.8826
4.75858 2.92478
4.67227 2.95813
4.58317 2.98211
4.49222 2.99614
4.40024 3.00059
4.30783 2.99554
4.21612 2.98115
4.12552 2.95761
4.03676 2.92497
3.9511 2.88401
3.86942 2.83456
3.79294 2.77746
3.7216 2.71322
3.6587 2.64071
3.59931 2.56358
3.5532 2.47931
3.50963 2.39114
3.47971 2.29864
3.45677 2.2047
3.44166 2.10898
3.43924 2.01219
3.44102 1.91583
3.45556 1.82036
3.47781 1.72607
3.50645 1.63387
3.54865 1.54573
3.59302 1.46057
3.65042 1.3827
3.7112 1.30955
3.78109 1.2437
3.8559 1.18519
3.93567 1.13482
4.01989 1.09232
4.10728 1.05796
4.19676 1.03249
4.2877 1.01636
4.37944 1.00916
4.47084 1.01156
4.56106 1.02321
4.64949 1.04473
4.73563 1.07579
4.81834 1.11568
4.89678 1.16441
4.97009 1.22152
5.03756 1.28658
5.09886 1.35899
5.15325 1.43755
5.20057 1.52142
5.23988 1.6101
5.27132 1.70264
5.29403 1.79803
5.30828 1.89508
