3.50904 1.99978
3.52414 2.11856
3.55785 2.23448
3.60695 2.34508
3.66695 2.45054
3.73689 2.55055
3.81398 2.64723
3.89509 2.74274
3.97834 2.84155
4.06106 2.94258
4.14059 3.04854
4.21384 3.15644
4.27728 3.26758
4.33017 3.38115
4.37015 3.49632
4.39697 3.61218
4.40805 3.72595
4.40442 3.83873
4.38508 3.94588
4.35209 4.04633
4.30609 4.13405
4.24833 4.21181
4.18056 4.2754
4.10393 4.32135
4.02063 4.34525
3.9348 4.34448
3.84793 4.31559
3.76453 4.25973
3.68649 4.18056
3.61403 4.08231
3.54928 3.96462
3.49127 3.82923
3.43967 3.67678
3.39497 3.50924
3.35469 3.32989
3.31821 3.14176
3.28598 2.94643
3.25718 2.74381
3.23302 2.53498
3.21522 2.32241
3.20401 2.10893
3.19868 1.89493
3.19907 1.68446
3.20497 1.48149
3.21446 1.28749
3.22947 1.1018
3.25007 0.92454
3.27817 0.759991
3.31611 0.60902
3.36339 0.471734
3.41983 0.350206
3.48531 0.247452
3.55924 0.163937
3.64092 0.0966345
3.7288 0.0463152
3.81916 0.0135687
3.90977 0
3.99707 0
4.07644 0.0189419
4.14806 0.0526709
4.2098 0.0986959
4.26114 0.154953
4.30266 0.216723
4.33205 0.284633
4.34807 0.359687
4.34925 0.442584
4.33622 0.530925
4.30935 0.621245
4.27207 0.712895
4.22188 0.805685
4.16134 0.900873
4.08961 0.999644
4.0094 1.10171
3.92533 1.20684
3.83835 1.31296
3.75333 1.41993
3.67445 1.52917
3.60611 1.64064
3.55342 1.75715
3.51958 1.87858
5.46988 1.94353
5.4677 2.03091
5.45714 2.11772
5.43834 2.20314
5.41151 2.28633
5.37688 2.3665
5.33471 2.44293
5.28534 2.51483
5.22919 2.58156
5.16684 2.64235
5.0989 2.69668
5.0261 2.74402
4.94913 2.78401
4.86882 2.81617
4.78583 2.84025
4.70106 2.85586
4.61516 2.86289
4.52912 2.86122
4.44364 2.85085
4.35968 2.832
4.27789 2.8048
4.19909 2.76957
4.12397 2.72658
4.05328 2.67624
3.98778 2.61914
3.92815 2.55587
3.87497 2.48707
3.8287 2.41331
3.78972 2.33524
3.75839 2.25358
3.73505 2.16917
3.71999 2.08291
3.71339 1.99559
3.71531 1.908
3.72571 1.82099
3.74443 1.73545
3.77128 1.65227
3.80602 1.5723
3.84835 1.49633
3.8979 1.42489
3.95421 1.35861
4.01669 1.29822
4.08472 1.24429
4.1576 1.19742
4.23464 1.15795
4.31507 1.12627
4.39818 1.10262
4.48315 1.08732
4.56925 1.08048
4.65563 1.08225
4.74148 1.09259
4.82594 1.11137
4.90819 1.13837
4.98738 1.17325
5.06276 1.21579
5.13352 1.26557
5.19893 1.32219
5.25833 1.3851
5.31115 1.45368
5.35697 1.52724
5.39543 1.60507
5.42621 1.68642
5.44903 1.77048
5.46364 1.85646
