3.50681 1.99831
3.52254 2.12138
3.56392 2.241
3.62584 2.3548
3.70299 2.46336
3.78727 2.56634
3.87443 2.66598
3.96242 2.7704
4.0519 2.88014
4.13817 2.99312
4.21735 3.10676
4.28615 3.22308
4.34246 3.34112
4.38518 3.46241
4.41117 3.58817
4.4225 3.71506
4.41782 3.84105
4.40078 3.9597
4.37036 4.07093
4.32736 4.17213
4.27384 4.25834
4.20982 4.32611
4.13853 4.37402
4.06176 4.39952
3.98115 4.40252
3.89958 4.38177
3.81915 4.33793
3.74119 4.27119
3.6698 4.18324
3.60436 4.0763
3.54588 3.95154
3.49697 3.80995
3.4574 3.65494
3.42571 3.48833
3.40095 3.31199
3.38188 3.12695
3.36683 2.93595
3.35405 2.7409
3.34015 2.54096
3.32475 2.33765
3.31046 2.12925
3.29745 1.91788
3.28739 1.70833
3.28121 1.50531
3.27871 1.31187
3.28163 1.13017
3.29318 0.959951
3.31494 0.800747
3.34661 0.653733
3.38917 0.519611
3.4419 0.397685
3.50566 0.289029
3.57896 0.195856
3.65738 0.119986
3.7378 0.0622742
3.82236 0.0213077
3.90977 0
3.99707 0
4.0775 0.0119689
4.15039 0.0351632
4.21575 0.070182
4.27184 0.117134
4.31652 0.175459
4.34761 0.243382
4.36515 0.321773
4.3698 0.409761
4.361 0.50621
4.34005 0.606877
4.30355 0.706889
4.25463 0.804113
4.19173 0.901187
4.11816 1.00224
4.03724 1.10715
3.9525 1.21352
3.86664 1.32013
3.77956 1.42766
3.69526 1.53489
3.61919 1.64351
3.5581 1.75688
3.51903 1.87615
5.4639 1.94468
5.45516 2.04099
5.45289 2.13654
5.42902 2.22909
5.40714 2.31857
5.37021 2.40285
5.32988 2.48232
5.28047 2.55549
5.2252 2.62222
5.1636 2.68169
5.09627 2.73352
5.02377 2.77738
4.94673 2.81303
4.86594 2.84027
4.78227 2.85902
4.69668 2.86913
4.61013 2.87063
4.52353 2.86344
4.43789 2.84763
4.35407 2.82326
4.27299 2.79061
4.19545 2.75008
4.12227 2.70233
4.05411 2.64799
3.99158 2.58794
3.9351 2.52307
3.88512 2.45426
3.84165 2.38239
3.80543 2.30808
3.77587 2.2321
3.75438 2.15481
3.73961 2.07672
3.73362 1.9981
3.73436 1.91931
3.74408 1.84069
3.76051 1.7625
3.78552 1.68529
3.81719 1.60942
3.85662 1.53562
3.90261 1.46439
3.95538 1.39667
4.0143 1.33327
4.07899 1.27515
4.14896 1.22315
4.22354 1.1781
4.30207 1.1406
4.38374 1.1112
4.46775 1.09017
4.55317 1.07777
4.63911 1.07408
4.72457 1.07908
4.80873 1.09278
4.89063 1.11501
4.96951 1.14568
5.04453 1.18464
5.11505 1.23175
5.18038 1.2868
5.23997 1.34942
5.29371 1.419
5.33963 1.49519
5.38121 1.57666
5.40999 1.66368
5.43925 1.75429
5.44869 1.84865
