# x, y
3.00212 1.99957
3.0734 2.21093
3.07364 2.51752
3.22038 2.72353
3.31142 2.97113
3.54938 3.13653
3.74977 3.1424
3.91722 3.15562
4.09546 3.14939
4.27125 3.11654
4.43545 3.06216
4.57116 3.04183
4.671 3.10888
4.72679 3.22393
4.72963 3.35802
4.6657 3.44321
4.51931 3.47399
4.29982 3.44842
4.02866 3.39098
3.71037 3.31592
3.37332 3.21495
3.03309 3.09793
2.6779 3.00453
2.33698 2.95536
2.01338 2.95019
1.71766 2.97
1.46044 2.99667
1.25072 2.99578
1.09667 2.96417
0.989873 2.90473
0.948841 2.82703
0.985223 2.7346
1.09605 2.63867
1.25485 2.54069
1.43817 2.43808
1.6303 2.35052
1.81384 2.26746
1.97388 2.19626
2.10039 2.12738
2.1901 2.0504
2.22886 1.98669
2.20024 1.93088
2.11278 1.88112
1.99182 1.8387
1.84456 1.78119
1.66407 1.69909
1.47173 1.60481
1.28703 1.4796
1.12387 1.34743
1.00736 1.21305
0.96695 1.08796
1.01182 0.999267
1.13388 0.959722
1.30894 0.957422
1.51123 0.992187
1.75834 1.03812
2.04524 1.05714
2.3594 1.03553
2.68269 0.961257
3.00851 0.868486
3.32343 0.773105
3.61574 0.689427
3.89723 0.624794
4.16114 0.571394
4.392 0.569527
4.55773 0.626031
4.63202 0.728236
4.61246 0.868559
4.54122 0.967272
4.44056 0.997073
4.31236 0.967919
4.16569 0.888142
4.01266 0.840161
3.84957 0.83401
3.67 0.850937
3.50131 0.852659
3.33772 0.865903
3.2914 1.02297
3.32661 1.24306
3.07356 1.75538
5.01704 1.99397
5.02008 2.09133
5.0149 2.18797
5.00096 2.28305
4.97833 2.37531
4.94768 2.46421
4.90858 2.54868
4.86203 2.62762
4.80759 2.70043
4.74611 2.76678
4.67823 2.82579
4.60474 2.87683
4.52626 2.9198
4.44369 2.95464
4.35796 2.98075
4.26966 2.9977
4.17974 3.00556
4.08919 3.00406
3.99876 2.9937
3.90914 2.97396
3.8209 2.94494
3.73509 2.90705
3.6526 2.86052
3.57428 2.806
3.50102 2.74376
3.43259 2.67412
3.37247 2.59842
3.31724 2.51745
3.27261 2.43051
3.23386 2.33966
3.20554 2.2457
3.18609 2.1491
3.17471 2.0504
3.17531 1.95134
3.18297 1.85314
3.20117 1.75675
3.22883 1.66259
3.26354 1.57245
3.30889 1.48688
3.35963 1.40662
3.41979 1.33207
3.48465 1.26474
3.55578 1.20498
3.63176 1.15279
3.71148 1.10911
3.79442 1.07462
3.88005 1.049
3.96729 1.03251
4.05556 1.0254
4.14414 1.02739
4.23223 1.03907
4.31923 1.06007
4.404 1.09007
4.48609 1.12901
4.56469 1.17643
4.63894 1.23222
4.70791 1.29589
4.77118 1.36647
4.82802 1.44385
4.87849 1.52653
4.92146 1.61433
4.95745 1.70596
4.98548 1.80041
5.0053 1.8967
