3.50704 2.00179
3.5252 2.11753
3.57228 2.23138
3.64297 2.34332
3.73059 2.45462
3.8254 2.56196
3.91926 2.67048
4.00923 2.7876
4.09497 2.91523
4.17704 3.04739
4.25304 3.18204
4.32024 3.31892
4.37479 3.45505
4.41569 3.59048
4.44171 3.72436
4.45348 3.85535
4.44912 3.97658
4.42806 4.08902
4.38988 4.19087
4.33507 4.27866
4.2682 4.348
4.19351 4.39696
4.11568 4.42411
4.03431 4.42889
3.95203 4.41314
3.86909 4.38127
3.7877 4.33215
3.71187 4.2632
3.64666 4.1742
3.59311 4.06562
3.55155 3.93743
3.52 3.79446
3.4956 3.64097
3.47634 3.47506
3.45968 3.29855
3.44367 3.11381
3.4274 2.92473
3.41272 2.73202
3.39717 2.5349
3.38172 2.33314
3.36855 2.13069
3.35883 1.92955
3.35162 1.73181
3.34611 1.53993
3.34333 1.35701
3.34565 1.18251
3.35253 1.01534
3.36569 0.855548
3.38852 0.704895
3.4216 0.566803
3.46484 0.440256
3.51807 0.323813
3.57999 0.220641
3.65109 0.133847
3.73216 0.0656776
3.82059 0.0201567
3.90977 0
3.99707 0
4.07554 0.0157513
4.15251 0.0449768
4.22504 0.0880973
4.28744 0.140822
4.33803 0.199503
4.3742 0.26398
4.39688 0.335977
4.40433 0.415098
4.39684 0.499989
4.36834 0.590868
4.32435 0.686284
4.26575 0.787757
4.20005 0.895892
4.12914 1.00954
4.05296 1.12662
3.97415 1.24136
3.89034 1.35136
3.80224 1.4556
3.71412 1.55978
3.63307 1.66941
3.567 1.77882
3.52293 1.88893
5.47101 1.95206
5.47477 2.0449
5.46074 2.13697
5.44695 2.22744
5.41823 2.31491
5.38679 2.3995
5.34452 2.47971
5.29704 2.55534
5.24206 2.6252
5.18133 2.6887
5.11505 2.74496
5.04396 2.79315
4.96874 2.83272
4.8901 2.86312
4.80884 2.88403
4.72579 2.89536
4.64179 2.89716
4.55772 2.88969
4.47445 2.8733
4.39279 2.84843
4.31352 2.81556
4.23744 2.7753
4.16524 2.72817
4.0977 2.67484
4.03546 2.61582
3.97914 2.55172
3.9293 2.48301
3.88612 2.41024
3.85045 2.33389
3.8216 2.25475
3.80115 2.17343
3.78729 2.09074
3.78222 2.00726
3.78363 1.92367
3.79375 1.8406
3.81061 1.75865
3.83566 1.67858
3.86765 1.60095
3.90694 1.52648
3.95285 1.45565
4.00513 1.38899
4.06327 1.32698
4.12674 1.27016
4.19494 1.21909
4.26725 1.17437
4.34302 1.13664
4.42154 1.10661
4.50218 1.08484
4.5842 1.07184
4.66684 1.06807
4.74928 1.07376
4.83079 1.08908
4.91048 1.11389
4.98759 1.14799
5.06134 1.1909
5.13101 1.24202
5.19588 1.30065
5.25532 1.36604
5.30834 1.43754
5.35545 1.51424
5.39371 1.59566
5.42735 1.68066
5.44845 1.76902
5.46795 1.85958
