3.51597 1.9943
3.53489 2.10691
3.58216 2.22305
3.65097 2.34097
3.73373 2.45568
3.82316 2.56759
3.91573 2.68254
4.00931 2.80428
4.10202 2.93237
4.18879 3.06637
4.2697 3.20518
4.34105 3.34776
4.39854 3.49322
4.43813 3.63756
4.4594 3.78075
4.46577 3.91531
4.45958 4.03421
4.43843 4.13835
4.40172 4.22857
4.34955 4.30486
4.28224 4.36699
4.20342 4.41251
4.11854 4.43854
4.03153 4.44358
3.94659 4.42746
3.86357 4.39329
3.78733 4.33851
3.71977 4.26063
3.66024 4.16061
3.60916 4.04429
3.5646 3.91561
3.52758 3.77607
3.49905 3.62447
3.47788 3.46069
3.46208 3.2856
3.44995 3.10066
3.44045 2.9104
3.43161 2.71823
3.42065 2.52495
3.40577 2.32969
3.39174 2.13434
3.37906 1.94076
3.36793 1.7492
3.35922 1.56354
3.35478 1.38412
3.35418 1.2101
3.35913 1.04094
3.37176 0.878612
3.39375 0.726841
3.42865 0.588407
3.47612 0.462838
3.53325 0.347733
3.59822 0.244105
3.66884 0.152689
3.74401 0.0780948
3.82491 0.0253618
3.90977 0
3.99707 0
4.07906 0.0132789
4.15856 0.0395996
4.23 0.0786075
4.28801 0.12786
4.33115 0.188046
4.35987 0.25752
4.37642 0.337125
4.3845 0.425987
4.38226 0.522581
4.36695 0.623776
4.33425 0.726166
4.28423 0.82855
4.22275 0.930332
4.15129 1.03459
4.07161 1.14257
3.98568 1.25114
3.89641 1.35448
3.80595 1.45398
3.71872 1.55592
3.64044 1.66186
3.57671 1.76866
3.53285 1.88018
5.51098 1.9591
5.51483 2.0464
5.49192 2.13272
5.47602 2.21882
5.43867 2.30166
5.40367 2.3831
5.35529 2.4602
5.30453 2.53406
5.24653 2.60286
5.18437 2.66647
5.11767 2.72383
5.04702 2.77418
4.973 2.81671
4.89612 2.85071
4.81698 2.87573
4.73629 2.89148
4.65494 2.89776
4.57355 2.89466
4.49296 2.88232
4.41382 2.86111
4.33686 2.83148
4.26266 2.79392
4.19185 2.74903
4.12498 2.6973
4.06263 2.63929
4.00535 2.57551
3.95373 2.50646
3.9083 2.4327
3.86986 2.35485
3.83851 2.27362
3.81565 2.18966
3.80023 2.10386
3.79445 2.01695
3.79606 1.92994
3.80765 1.84371
3.82643 1.75894
3.85446 1.67651
3.88939 1.59694
3.93205 1.52107
3.98114 1.44942
4.03649 1.38266
4.09745 1.32131
4.16347 1.26593
4.234 1.21705
4.3084 1.17533
4.38604 1.14129
4.46621 1.11554
4.54816 1.09848
4.63123 1.09045
4.71462 1.09159
4.7976 1.10197
4.87938 1.12145
4.95913 1.14971
5.03611 1.18627
5.10962 1.23065
5.17903 1.28215
5.24376 1.34014
5.30332 1.4039
5.35642 1.47292
5.40431 1.54609
5.44175 1.62363
5.47678 1.70369
5.49427 1.78723
5.51512 1.87231
