3.5238 1.98873
3.53887 2.08088
3.59142 2.17328
3.67496 2.26416
3.7805 2.35006
3.90079 2.43598
4.02872 2.5254
4.15517 2.61289
4.27312 2.70075
4.38224 2.79271
4.47895 2.89037
4.56364 2.98869
4.63515 3.08916
4.69015 3.19135
4.72732 3.29462
4.74432 3.39674
4.7364 3.49167
4.70281 3.57535
4.6459 3.64343
4.56985 3.69581
4.47921 3.73157
4.38256 3.75401
4.28562 3.76287
4.18946 3.75399
4.09501 3.72494
4.00291 3.67706
3.91144 3.61515
3.8205 3.54366
3.73095 3.46253
3.64951 3.37084
3.58081 3.26732
3.52824 3.15649
3.49229 3.04351
3.46837 2.93215
3.456 2.82456
3.45253 2.71816
3.45612 2.60956
3.46554 2.49765
3.48205 2.37749
3.50831 2.24743
3.543 2.10463
3.58419 1.94608
3.62934 1.77761
3.67811 1.60349
3.72831 1.42416
3.7798 1.24276
3.83199 1.06111
3.88207 0.880276
3.92938 0.704778
3.97575 0.535902
4.02869 0.378319
4.09282 0.238406
4.17499 0.125479
4.27623 0.0436034
4.39325 0
4.52153 0
4.60771 0.0287911
4.66258 0.0809157
4.69812 0.150941
4.7226 0.234004
4.7399 0.32493
4.75358 0.421515
4.75823 0.522457
4.75286 0.62549
4.73423 0.727008
4.70425 0.824055
4.6653 0.914551
4.61887 0.997531
4.56482 1.07286
4.50007 1.14172
4.42414 1.20483
4.33886 1.26579
4.24887 1.33156
4.15219 1.39743
4.04383 1.46848
3.92917 1.54404
3.81621 1.62127
3.71166 1.7044
3.62214 1.79585
3.55632 1.8917
5.6989 1.97719
5.68413 2.07202
5.68309 2.16654
5.65327 2.25765
5.631 2.34629
5.5899 2.42913
5.54798 2.50737
5.49592 2.57915
5.43865 2.64466
5.37522 2.70316
5.30652 2.75431
5.23338 2.79762
5.15636 2.83276
5.07623 2.85943
4.99365 2.87742
4.90931 2.88664
4.82392 2.8871
4.73826 2.87898
4.6531 2.86249
4.5693 2.83805
4.48763 2.80611
4.40892 2.76718
4.33393 2.72178
4.26333 2.6705
4.19778 2.61401
4.13796 2.553
4.08441 2.48799
4.03769 2.41952
3.99832 2.34796
3.96682 2.27379
3.94361 2.1976
3.92899 2.11994
3.92315 2.0414
3.92616 1.96252
3.93794 1.88387
3.95829 1.80609
3.98692 1.72979
4.02343 1.65564
4.06736 1.5842
4.11825 1.51594
4.17554 1.45146
4.23874 1.3915
4.30729 1.33674
4.38053 1.28782
4.45774 1.24534
4.5382 1.20984
4.62119 1.18171
4.70592 1.16128
4.79157 1.14886
4.87735 1.14462
4.96248 1.14872
5.04605 1.16119
5.12742 1.18198
5.20583 1.21096
5.28062 1.24797
5.35111 1.29277
5.41661 1.34499
5.47652 1.40424
5.53036 1.47007
5.57648 1.54233
5.61811 1.61999
5.64595 1.70376
5.67606 1.79131
5.68205 1.88326
