3.53149 1.99171
3.55283 2.08613
3.61549 2.18302
3.70426 2.27783
3.811 2.36958
3.9283 2.45797
4.05305 2.54686
4.18159 2.63398
4.3061 2.72442
4.42385 2.8153
4.53042 2.90475
4.62179 2.99279
4.69287 3.08038
4.74218 3.1682
4.76991 3.25655
4.77709 3.34181
4.76534 3.42331
4.73589 3.49437
4.68948 3.55059
4.62624 3.593
4.55173 3.62598
4.46396 3.65202
4.36671 3.66795
4.25913 3.67008
4.14375 3.65519
4.02816 3.62512
3.91684 3.58214
3.81566 3.52701
3.72788 3.46375
3.65407 3.39262
3.59179 3.311
3.53666 3.22017
3.48937 3.12325
3.451 3.02004
3.42447 2.90924
3.41395 2.79083
3.42066 2.66264
3.44232 2.52895
3.4774 2.39028
3.52052 2.24798
3.56569 2.09942
3.60732 1.94086
3.64395 1.77473
3.67767 1.59859
3.71233 1.41385
3.74963 1.22329
3.79517 1.03198
3.84883 0.846414
3.91137 0.672046
3.97742 0.5124
4.04524 0.36599
4.11531 0.236078
4.19313 0.127222
4.28458 0.0453216
4.39325 0
4.52153 0
4.61951 0.0190728
4.6881 0.0591591
4.73155 0.118366
4.75384 0.195656
4.7592 0.285203
4.75316 0.382195
4.74083 0.482459
4.72741 0.583716
4.71315 0.682392
4.69928 0.775405
4.67963 0.861728
4.64965 0.94203
4.60435 1.01739
4.54234 1.08944
4.46425 1.15879
4.37336 1.22529
4.27267 1.29092
4.16697 1.36499
4.05708 1.44432
3.9433 1.52815
3.83106 1.61448
3.72597 1.70279
3.63347 1.79667
3.5641 1.89506
5.71213 1.95475
5.70805 2.04505
5.6993 2.13532
5.67712 2.22355
5.65009 2.30902
5.61216 2.39014
5.56836 2.4669
5.51661 2.53821
5.45881 2.60372
5.39508 2.66288
5.32618 2.71534
5.25285 2.76081
5.17573 2.79904
5.09562 2.82974
5.01319 2.85268
4.92917 2.86763
4.84422 2.87439
4.75905 2.87284
4.67443 2.86292
4.5911 2.84476
4.50992 2.81855
4.43165 2.78468
4.35701 2.74351
4.28665 2.69548
4.22126 2.64111
4.1615 2.58088
4.10795 2.51534
4.0612 2.44518
4.02179 2.37105
3.99013 2.29356
3.96654 2.21333
3.95118 2.13101
3.94416 2.04743
3.94551 1.96342
3.95523 1.87986
3.97325 1.7976
3.99941 1.71732
4.03349 1.63965
4.07512 1.56521
4.12383 1.49464
4.17913 1.4286
4.24045 1.3678
4.3072 1.31284
4.37871 1.26431
4.45429 1.22296
4.53327 1.18923
4.61487 1.16353
4.69839 1.14619
4.78305 1.13739
4.86814 1.13714
4.95303 1.14525
5.0369 1.1615
5.11914 1.18561
5.19891 1.21725
5.27547 1.25607
5.34813 1.30167
5.41605 1.35364
5.47853 1.41164
5.53494 1.47529
5.58434 1.5443
5.62683 1.61815
5.66034 1.69686
5.68723 1.77944
5.70237 1.86582
