3.52278 1.99111
3.54696 2.09024
3.61149 2.18948
3.70895 2.28542
3.82857 2.37712
3.95719 2.46392
4.08743 2.55269
4.21722 2.63955
4.33679 2.72313
4.44688 2.80802
4.54772 2.89187
4.63812 2.97558
4.71501 3.05625
4.77601 3.13255
4.81627 3.20325
4.83205 3.27019
4.82345 3.33503
4.78929 3.39855
4.73398 3.45439
4.66031 3.50055
4.57415 3.53792
4.4802 3.5648
4.38151 3.58043
4.27906 3.58503
4.1748 3.57959
4.07058 3.56717
3.9672 3.54797
3.86572 3.5217
3.76938 3.48506
3.67932 3.43537
3.59772 3.36997
3.52587 3.29024
3.46698 3.19986
3.42792 3.09931
3.41128 2.98715
3.41561 2.8625
3.43462 2.72473
3.46036 2.57827
3.4889 2.42607
3.51823 2.26737
3.54956 2.10171
3.58809 1.92676
3.63144 1.74996
3.67771 1.56827
3.72417 1.38328
3.76814 1.19656
3.81016 1.01076
3.85085 0.830639
3.89296 0.659898
3.94179 0.499915
4.00079 0.353195
4.07541 0.223804
4.16591 0.117818
4.27313 0.0409504
4.39325 0
4.52153 0
4.61432 0.0209477
4.67985 0.0608225
4.72452 0.116795
4.75366 0.184314
4.77008 0.258243
4.77613 0.335579
4.77245 0.418015
4.76051 0.506852
4.7408 0.602596
4.71403 0.702084
4.67826 0.800873
4.63413 0.895003
4.58 0.98166
4.51835 1.06103
4.45033 1.13584
4.37481 1.2068
4.28591 1.27703
4.18306 1.35179
4.06914 1.43137
3.95024 1.51375
3.8315 1.5975
3.71945 1.68574
3.62278 1.78214
3.55293 1.88746
5.68123 1.92326
5.69114 2.01675
5.6727 2.10977
5.66366 2.20187
5.63115 2.29023
5.60173 2.37546
5.55829 2.45499
5.51167 2.52953
5.45735 2.59762
5.39761 2.65912
5.33254 2.71341
5.26266 2.76008
5.18865 2.79881
5.11114 2.82936
5.03083 2.85168
4.94848 2.86571
4.86485 2.87147
4.78066 2.86903
4.69673 2.8585
4.61377 2.84003
4.53262 2.81383
4.45401 2.78016
4.37874 2.73939
4.30755 2.69193
4.24114 2.63827
4.18021 2.57893
4.12526 2.51439
4.07687 2.44522
4.0356 2.37195
4.00195 2.2951
3.97632 2.21537
3.959 2.13345
3.95012 2.05015
3.94969 1.9663
3.95764 1.88277
3.97385 1.80038
3.99813 1.71987
4.0302 1.64191
4.06973 1.56709
4.11628 1.49601
4.16938 1.42923
4.22851 1.36734
4.2931 1.31097
4.36257 1.26075
4.43632 1.21724
4.51372 1.18089
4.59402 1.15215
4.6765 1.13122
4.76037 1.11835
4.84479 1.11363
4.92901 1.11713
5.01223 1.1288
5.09366 1.14859
5.17254 1.17643
5.24819 1.21216
5.31989 1.25558
5.38701 1.30636
5.44886 1.36416
5.50466 1.42857
5.55461 1.49895
5.59563 1.57524
5.63314 1.65609
5.65527 1.74212
5.68032 1.83109
