3.5242 2.00017
3.55715 2.1038
3.63353 2.20398
3.73695 2.2995
3.85655 2.39142
3.98343 2.48093
4.11493 2.56906
4.24631 2.6504
4.36945 2.73057
4.48172 2.81457
4.58588 2.88666
4.6759 2.95515
4.74911 3.02551
4.80368 3.09655
4.83893 3.16478
4.85358 3.22866
4.84617 3.2878
4.81614 3.34076
4.7649 3.38389
4.69588 3.42003
4.61159 3.45131
4.51678 3.47634
4.40984 3.49646
4.29497 3.51272
4.17427 3.52219
4.05241 3.52421
3.93345 3.51982
3.82344 3.50626
3.72711 3.48174
3.64541 3.44411
3.57727 3.39323
3.52256 3.32814
3.47942 3.24953
3.44768 3.15644
3.4276 3.04511
3.41862 2.92005
3.42054 2.78141
3.4358 2.62959
3.46416 2.46907
3.50415 2.29774
3.55138 2.11452
3.59792 1.92675
3.64053 1.73797
3.67914 1.54422
3.7129 1.35263
3.74436 1.16671
3.77808 0.98667
3.81938 0.81211
3.87082 0.643188
3.93459 0.483531
4.00788 0.33838
4.09033 0.212541
4.18055 0.11037
4.28082 0.0382943
4.39325 0
4.52153 0
4.61971 0.0124981
4.69538 0.0375053
4.74984 0.0788014
4.78533 0.136906
4.8042 0.206197
4.80971 0.283786
4.80477 0.367142
4.79242 0.454549
4.77178 0.544601
4.7419 0.636784
4.70026 0.72871
4.64866 0.818975
4.58838 0.907648
4.52119 0.995839
4.44611 1.0843
4.36226 1.17165
4.26859 1.25572
4.16528 1.33576
4.05117 1.41481
3.93412 1.49883
3.8197 1.58742
3.7127 1.68098
3.61844 1.78295
3.54911 1.89319
5.66789 1.90115
5.67836 1.99367
5.66614 2.08587
5.65743 2.17674
5.63029 2.26416
5.60207 2.34849
5.56191 2.42756
5.517 2.50191
5.46462 2.57041
5.40655 2.63289
5.34301 2.68882
5.27457 2.73774
5.20204 2.77925
5.12601 2.81292
5.0472 2.83843
4.96627 2.85567
4.88395 2.86453
4.80097 2.86498
4.71807 2.85702
4.63597 2.84081
4.55549 2.81655
4.47731 2.78453
4.40233 2.74519
4.33135 2.69871
4.26511 2.64555
4.20417 2.58622
4.14898 2.52128
4.10001 2.45145
4.05778 2.37728
4.02278 2.29935
3.99544 2.21835
3.97608 2.13494
3.96487 2.04989
3.96189 1.964
3.9671 1.87814
3.98037 1.79319
4.00149 1.70988
4.03015 1.62895
4.066 1.55105
4.10865 1.47693
4.15773 1.4073
4.21287 1.34297
4.27369 1.28466
4.33966 1.2331
4.41022 1.18878
4.4848 1.15209
4.56269 1.12338
4.64317 1.10282
4.72544 1.09052
4.80867 1.08654
4.89203 1.09081
4.97472 1.10325
5.05599 1.12382
5.1351 1.15241
5.2113 1.18889
5.28393 1.23299
5.35233 1.28437
5.41587 1.34264
5.47373 1.4074
5.52602 1.47793
5.56988 1.55419
5.60967 1.63484
5.63551 1.72066
5.66188 1.80926
