3.00842 1.99478
3.36075 2.25941
3.15698 2.81759
3.19194 2.9985
3.28951 3.36859
3.31191 3.15773
3.36156 2.92917
3.45299 2.98256
3.54031 3.0443
3.62567 3.1159
3.70835 3.1931
3.78594 3.27801
3.85471 3.37289
3.91271 3.47753
3.95874 3.59248
3.99192 3.71777
4.01379 3.85325
4.0243 3.99283
4.02259 4.12975
4.00554 4.25765
3.9711 4.36859
3.91879 4.46137
3.85161 4.53217
3.77211 4.58147
3.68533 4.60771
3.59562 4.60921
3.50469 4.5861
3.41101 4.53349
3.31793 4.45153
3.22575 4.34523
3.13704 4.21807
3.05231 4.07276
2.97357 3.9117
2.907 3.73352
2.85314 3.53533
2.81378 3.31819
2.7906 3.08664
2.78286 2.84117
2.78789 2.5888
2.80704 2.33322
2.83686 2.07288
2.87413 1.81897
2.91111 1.57253
2.95413 1.34245
3.00126 1.12599
3.05465 0.926588
3.11551 0.744395
3.18248 0.57959
3.25632 0.429883
3.33369 0.299294
3.41646 0.188908
3.50232 0.0986326
3.59358 0.0349298
3.69645 0
3.8153 0
3.93165 0
4.04623 0
4.15257 0.0200454
4.24286 0.0607622
4.31325 0.117796
4.35596 0.191763
4.36995 0.279583
4.35707 0.375787
4.3201 0.476204
4.26135 0.577848
4.18383 0.679783
4.092 0.776408
3.9905 0.863035
3.88565 0.9402
3.77924 1.00847
3.67051 1.06905
3.56127 1.12362
3.45039 1.17369
3.33739 1.21728
3.2203 1.25539
3.10012 1.28799
2.97936 1.31745
2.73549 1.37682
2.7641 1.37646
2.94087 1.37785
4.6896 2.0252
4.68735 2.11339
4.67631 2.2014
4.6572 2.28827
4.63012 2.37312
4.59517 2.45522
4.55321 2.53387
4.50398 2.60828
4.44845 2.67796
4.38678 2.74209
4.3197 2.80006
4.24769 2.85124
4.17129 2.89502
4.09111 2.93089
4.00785 2.95844
3.92227 2.97748
3.83515 2.9879
3.74727 2.9897
3.6593 2.98291
3.57209 2.96762
3.4865 2.94396
3.40334 2.91218
3.32338 2.8727
3.2475 2.82586
3.17621 2.77198
3.10975 2.71188
3.05149 2.64537
2.99554 2.57466
2.95429 2.49792
2.91224 2.4188
2.88614 2.33562
2.86539 2.25049
2.85155 2.164
2.85395 2.07671
2.85763 1.98939
2.87612 1.90326
2.9041 1.81937
2.93549 1.73752
2.98458 1.66035
3.03279 1.58567
3.09539 1.51748
3.16079 1.45377
3.23374 1.39678
3.31156 1.34635
3.39366 1.30303
3.4795 1.26722
3.568 1.23925
3.65834 1.21928
3.74953 1.20752
3.8408 1.20418
3.9312 1.20919
4.02006 1.22277
4.10645 1.24479
4.18936 1.27512
4.26809 1.31368
4.34184 1.36005
4.4099 1.41356
4.47167 1.47377
4.52665 1.53999
4.57408 1.61169
4.61397 1.68797
4.64536 1.76818
4.66875 1.85175
4.68348 1.93772
