3.01643 2.00807
3.42955 2.2182
3.21339 2.83937
3.14416 3.02193
3.18604 3.31092
3.34139 3.09372
3.40067 2.93224
3.48503 2.98849
3.56491 3.06109
3.64113 3.14287
3.71412 3.23183
3.78407 3.32568
3.84878 3.42571
3.90448 3.53688
3.94907 3.66151
3.98227 3.79512
4.00368 3.9314
4.01203 4.06323
4.00632 4.18443
3.98632 4.28979
3.95112 4.37996
3.90165 4.45586
3.83998 4.51712
3.76792 4.56044
3.68669 4.5847
3.59609 4.58701
3.49652 4.56545
3.3938 4.52182
3.2899 4.45292
3.18775 4.35749
3.09392 4.23602
3.0121 4.09028
2.9436 3.92151
2.88838 3.73561
2.8462 3.53827
2.81643 3.32735
2.79986 3.1004
2.79783 2.85618
2.80797 2.59695
2.82815 2.32891
2.86228 2.05712
2.9019 1.79914
2.94861 1.5474
2.99737 1.31297
3.04582 1.09778
3.09583 0.901359
3.14531 0.723417
3.19765 0.56263
3.25566 0.417208
3.32312 0.288261
3.39924 0.178331
3.48762 0.0915163
3.58726 0.0314308
3.69645 0
3.8153 0
3.93165 0
4.04623 0
4.12683 0.0335318
4.17817 0.0950391
4.20614 0.176205
4.21613 0.272109
4.21178 0.376189
4.19772 0.484518
4.17593 0.594257
4.14321 0.701467
4.0965 0.799987
4.03495 0.886883
3.96279 0.960945
3.8801 1.02022
3.78899 1.06761
3.69085 1.10589
3.5828 1.13859
3.46905 1.16536
3.35078 1.19226
3.22869 1.2201
3.10848 1.25159
2.98822 1.28508
2.78545 1.52517
2.7507 1.56284
2.94738 1.43208
4.68678 2.02397
4.6926 2.11221
4.68424 2.20033
4.67075 2.28741
4.64921 2.37258
4.61526 2.45467
4.57982 2.53407
4.53065 2.60828
4.47906 2.6783
4.41845 2.74207
4.35283 2.7998
4.28172 2.8506
4.20576 2.89409
4.12577 2.92988
4.04248 2.95756
3.95659 2.97693
3.86894 2.98797
3.7803 2.99053
3.69159 2.98464
3.60347 2.97025
3.51679 2.94748
3.43242 2.91659
3.35104 2.87787
3.27354 2.83154
3.20059 2.77815
3.13224 2.71842
3.07245 2.65199
3.014 2.5813
2.97118 2.50398
2.92679 2.42432
2.89855 2.34046
2.87581 2.25472
2.85939 2.16746
2.85956 2.07924
2.86138 1.99102
2.87714 1.90389
2.90404 1.81904
2.93231 1.73631
2.97939 1.65867
3.02449 1.5839
3.0839 1.51575
3.1461 1.45235
3.21567 1.39556
3.29022 1.34538
3.36911 1.30214
3.45178 1.26646
3.53726 1.2386
3.62494 1.21858
3.71383 1.20678
3.80306 1.20348
3.8919 1.20864
3.9796 1.22242
4.06533 1.24452
4.14826 1.27488
4.22764 1.31337
4.30277 1.35958
4.37285 1.41294
4.43699 1.47309
4.49642 1.53889
4.54571 1.61089
4.59331 1.68658
4.62616 1.76731
4.65729 1.85048
4.67667 1.93642
