3.00577 1.99303
3.27092 2.19687
3.16772 2.76298
3.19093 2.98816
3.15645 3.24456
3.3137 3.0416
3.40928 2.89641
3.50306 2.98005
3.59041 3.06672
3.67056 3.16032
3.7442 3.26125
3.81223 3.36836
3.87321 3.4826
3.92501 3.60164
3.96556 3.72557
3.99112 3.85351
3.99941 3.98247
3.99086 4.10807
3.96759 4.22629
3.93259 4.32853
3.8886 4.41088
3.83647 4.47522
3.77628 4.52149
3.70716 4.55279
3.62944 4.57053
3.5421 4.57008
3.45035 4.54908
3.35373 4.50333
3.25413 4.42979
3.15823 4.32973
3.07085 4.20687
2.99689 4.06311
2.93802 3.90109
2.89419 3.72128
2.8619 3.52624
2.83984 3.31641
2.82729 3.08974
2.82401 2.84886
2.82722 2.59327
2.83763 2.32589
2.85483 2.05487
2.87227 1.78815
2.90167 1.53727
2.94813 1.3024
3.00996 1.08352
3.07977 0.881782
3.15438 0.697689
3.22913 0.530794
3.30273 0.383339
3.37367 0.255935
3.44437 0.153562
3.51758 0.0772331
3.59906 0.0256139
3.69645 0
3.8153 0
3.93165 0
4.04623 0
4.12573 0.0361287
4.17391 0.102443
4.19462 0.19407
4.19373 0.302907
4.17732 0.421494
4.14991 0.541718
4.11211 0.65841
4.06412 0.768977
4.00736 0.872295
3.94314 0.964536
3.87064 1.04444
3.78879 1.10666
3.7003 1.14882
3.6014 1.17558
3.49094 1.19624
3.37544 1.21505
3.25532 1.23655
3.13108 1.25862
3.00863 1.28264
2.88661 1.30825
2.62512 1.48665
2.71505 1.61383
2.94919 1.52332
4.70948 2.04372
4.71215 2.13198
4.70563 2.21979
4.6906 2.30628
4.66604 2.39063
4.63379 2.47208
4.59239 2.54971
4.54379 2.62224
4.48754 2.6892
4.42473 2.74993
4.35583 2.80388
4.28148 2.85073
4.20231 2.89014
4.11906 2.92166
4.03253 2.94505
3.94348 2.96012
3.85279 2.96659
3.76134 2.96437
3.6699 2.95351
3.57933 2.93421
3.49057 2.907
3.40435 2.87224
3.32148 2.83048
3.2429 2.78221
3.16921 2.72786
3.10104 2.6679
3.04008 2.60255
2.98439 2.53297
2.93907 2.45883
2.89862 2.382
2.86944 2.30236
2.8481 2.22118
2.8351 2.13902
2.83412 2.05655
2.8402 1.97452
2.85705 1.89359
2.88376 1.81432
2.91699 1.73734
2.96161 1.66374
3.01148 1.59356
3.07043 1.52826
3.13519 1.46797
3.20623 1.41325
3.28258 1.36458
3.36345 1.32235
3.44815 1.2869
3.53577 1.25871
3.62556 1.23805
3.71664 1.22541
3.80813 1.22126
3.89935 1.22564
3.98932 1.23863
4.07716 1.25999
4.16205 1.28966
4.24322 1.32735
4.31984 1.37281
4.39129 1.42578
4.45684 1.48579
4.51575 1.55238
4.56798 1.62502
4.61222 1.70264
4.64937 1.78445
4.67765 1.86919
4.69812 1.95584
